    2.345 3.786 0.0 1.234 0.567
    5.678 8.234 0.0 0.345 0.789
    8.123 2.456 0.0 0.987 0.654
    1.234 7.890 0.0 0.567 0.321
    3.456 4.567 0.0 1.001 0.222
    6.789 1.234 0.0 0.876 0.543
    2.345 6.789 0.0 1.234 0.876
    4.567 8.123 0.0 0.432 0.321
    7.890 3.456 0.0 0.654 0.789
    1.678 9.012 0.0 1.234 0.654
    9.345 2.345 0.0 0.987 0.345
    0.234 4.678 0.0 0.543 0.876
    5.678 6.789 0.0 0.432 1.234
    6.789 4.567 0.0 0.321 0.654
    2.345 9.123 0.0 0.543 1.345
    4.567 2.456 0.0 1.012 0.234
    8.123 3.456 0.0 0.654 0.432
    9.234 5.678 0.0 0.876 0.543
    1.234 6.789 0.0 0.543 1.234
    7.890 8.123 0.0 0.987 0.432
